0	[384, 387, 388, 389, 351, 353, 354, 356, 484, 357, 485, 358, 486, 487, 359, 360, 488, 489, 490, 364, 365, 366, 367, 370, 373, 374, 507, 382]
1	[448, 385, 386, 451, 453, 455, 459, 460, 461, 462, 466, 467, 409, 410, 475, 476, 413, 477, 414, 478, 415, 479, 416, 480, 483, 355, 424, 426, 299, 429, 430, 495, 431, 432, 433, 434, 371, 372, 437, 376, 377, 380, 381, 383]
2	[1, 3, 4, 5, 7, 9, 10, 11, 268, 12, 269, 13, 270, 14, 271, 15, 16, 17, 18, 19, 20, 21, 22, 278, 23, 279, 24, 280, 25, 281, 282, 27, 283, 284, 29, 285, 30, 31, 287, 32, 33, 36, 37, 38, 39, 40, 41, 42, 298, 43, 44, 45, 46, 47, 48, 49, 50, 51, 52, 53, 54, 55, 56, 57, 58, 59, 60, 61, 62, 63, 64, 65, 66, 67, 68, 69, 70, 71, 72, 73, 74, 75, 77, 78, 79, 80, 81, 82, 83, 84, 85, 86, 87, 88, 89, 90, 91, 92, 93, 94, 95, 97, 98, 99, 100, 101, 111, 114, 125, 129, 130, 131, 132, 134, 135, 136, 137, 138, 139, 140, 141, 142, 143, 144, 145, 146, 147, 148, 149, 154, 155, 156, 158, 159, 160, 161, 162, 165, 166, 167, 168, 169, 170, 171, 172, 174, 178, 179, 181, 192, 193, 194, 199, 211, 212, 213, 216, 217, 223, 233, 235, 238, 239, 241, 242, 243, 499, 246, 247, 248]
3	[512, 390, 6, 8, 265, 266, 267, 76, 272, 273, 274, 275, 276, 277, 347, 286, 352, 288, 289, 290, 291, 292, 293, 294, 295, 296, 300, 496, 497, 500, 502, 505]
4	[256, 258, 2, 259, 260, 261, 262, 26, 28, 34, 35, 304, 305, 306, 310, 315, 316, 317, 318, 96, 105, 107, 108, 109, 110, 112, 113, 115, 116, 117, 118, 119, 120, 121, 122, 123, 124, 126, 127, 128, 133, 150, 151, 152, 153, 157, 417, 163, 164, 173, 175, 176, 177, 180, 182, 183, 184, 185, 186, 187, 188, 189, 190, 191, 195, 196, 197, 198, 200, 201, 202, 203, 204, 205, 206, 207, 208, 209, 210, 214, 215, 218, 220, 221, 222, 224, 225, 226, 227, 228, 229, 230, 231, 232, 234, 236, 237, 240, 244, 245, 249, 250, 251, 252, 253, 254, 255]
5	[321, 257, 322, 418, 452, 421, 102, 103, 391, 104, 297, 106, 303, 307, 309, 312, 314, 474, 219, 443, 319]
6	[320, 449, 323, 454, 392, 393, 394, 330, 331, 395, 397, 463, 336, 400, 337, 401, 402, 403, 340, 404, 341, 405, 342, 406, 343, 407, 419, 420, 422, 423, 493, 301, 302, 308, 313, 444]
7	[513, 514, 515, 516, 517, 263, 264, 494, 498, 501, 503, 504, 344, 345, 346, 506, 508, 348, 349, 510, 350, 511]
8	[481, 482, 450, 456, 457, 458, 427, 428, 399, 464, 465, 436, 468, 469, 438, 439, 440, 408, 411, 412, 445, 447]
9	[435, 470, 425, 441, 492, 446]
10	[324, 325, 326, 327, 328, 329, 396, 332, 333, 398, 334, 335, 338, 339, 311]
11	[471, 472, 473, 442, 491]
12	[368, 369, 375, 361, 362, 378, 379, 509]
13	[363]
